0.000000000000000000e+00
6.300360528825156292e-01
8.631266778332452594e-01
9.493618054760978309e-01
9.812656936790329354e-01
9.930689820869862405e-01
9.974357732553575939e-01
9.990513285522493181e-01
9.996490257666714729e-01
9.998701521873037956e-01
9.999519609906868389e-01
9.999822272984965066e-01
9.999934247411950139e-01
9.999975673913027441e-01
9.999991000224821569e-01
9.999996670407659272e-01
9.999998768170891283e-01
9.999999544267603735e-01
9.999999831395438576e-01
9.999999937622379154e-01
9.999999976922536726e-01
